Using Clock:64, Invert:0, Bits Found:625
ASK/Manchester - Clock: 64 - Decoded bitstream:
1110111110111000
1010011110111010
1100111111111111
1011101111011101
1110111110111000
1010011110111010
1100111111111111
1011101111011101
1110111110111000
1010011110111010
1100111111111111
1011101111011101
1110111110111000
1010011110111010
1100111111111111
1011101111011101
1110111110111000
1010011110111010
1100111111111111
1011101111011101
1110111110111000
1010011110111010
1100111111111111
1011101111011101
1110111110111000
1010011110111010
1100111111111111
1011101111011101
1110111110111000
1010011110111010
1100111111111111
1011101111011101
